0.459301
0.458415
0.457549
0.456703
0.455875
0.455065
0.454272
0.453496
0.452735
0.451989
0.451257
0.45054
0.449835
0.449144
0.448464
0.447797
0.447141
0.446496
0.445862
0.445238
0.444624
0.44402
0.443425
0.44284
0.442263
0.441694
0.441134
0.440582
0.440038
0.439501
0.438972
0.43845
0.437934
0.437426
0.436925
0.436429
0.435941
0.435458
0.434981
0.43451
0.434045
0.433586
0.433132
0.432683
0.43224
0.431801
0.431368
0.430939
0.430516
0.430097
0.429682
0.429272
0.428866
0.428465
0.428068
0.427675
0.427286
0.426901
0.42652
0.426142
0.425768
0.425398
0.425032
0.424669
0.42431
0.423953
0.423601
0.423251
0.422905
0.422561
0.422221
0.421884
0.42155
0.421219
0.42089
0.420565
0.420242
0.419922
0.419604
0.41929
0.418977
0.418668
0.41836
0.418056
0.417753
0.417453
0.417156
0.41686
0.416567
0.416276
0.415987
0.4157
0.415416
0.415133
0.414853
0.414575
0.414298
0.414023
0.413751
0.41348
0.413211
0.412944
0.412679
0.412415
0.412154
0.411893
0.411635
0.411378
0.411123
0.41087
0.410618
0.410367
0.410119
0.409871
0.409626
0.409381
0.409138
0.408897
0.408657
0.408418
0.408181
0.407945
0.407711
0.407477
0.407246
0.407015
0.406785
0.406557
0.40633
0.406105
0.40588
0.405657
0.405435
0.405214
0.404994
0.404775
0.404557
0.404341
0.404125
0.403911
0.403697
0.403485
0.403273
0.403063
0.402854
0.402645
0.402438
0.402231
0.402026
0.401821
0.401618
0.401415
0.401213
0.401012
0.400812
0.400613
0.400415
0.400217
0.400021
0.399825
0.39963
0.399436
0.399242
0.39905
0.398858
0.398667
0.398477
0.398287
0.398098
0.39791
0.397723
0.397537
0.397351
0.397166
0.396981
0.396798
0.396615
0.396432
0.396251
0.39607
0.395889
0.39571
0.395531
0.395352
0.395175
0.394998
0.394821
0.394645
0.39447
0.394295
0.394121
0.393948
0.393775
0.393603
0.393431
0.39326
0.393089
0.392919
0.39275
0.392581
0.392412
0.392245
0.392077
0.391911
0.391744
0.391579
0.391414
0.391249
0.391085
0.390921
0.390758
0.390595
0.390433
0.390271
0.39011
0.38995
0.389789
0.38963
0.38947
0.389311
0.389153
0.388995
0.388838
0.388681
0.388524
0.388368
0.388212
0.388057
0.387902
0.387748
0.387594
0.387441
0.387288
0.387135
0.386983
0.386831
0.386679
0.386528
0.386378
0.386228
0.386078
0.385928
0.385779
0.385631
0.385483
0.385335
0.385187
0.38504
0.384893
0.384747
0.384601
0.384456
0.38431
0.384165
0.384021
0.383877
0.383733
0.38359
0.383447
0.383304
0.383162
0.38302
0.382878
0.382737
0.382596
0.382455
0.382315
0.382175
0.382035
0.381896
0.381757
0.381618
0.38148
0.381342
0.381204
0.381067
0.38093
0.380793
0.380657
0.380521
0.380385
0.38025
0.380115
0.37998
0.379845
0.379711
0.379577
0.379444
0.379311
0.379178
0.379045
0.378913
0.37878
0.378649
0.378517
0.378386
0.378255
0.378124
0.377994
0.377864
0.377734
0.377605
0.377476
0.377347
0.377218
0.37709
0.376962
0.376834
0.376706
0.376579
0.376452
0.376325
0.376199
0.376073
0.375947
0.375821
0.375696
0.375571
0.375446
0.375321
0.375197
0.375073
0.374949
0.374826
0.374702
0.374579
0.374456
0.374334
0.374212
0.37409
0.373968
0.373846
0.373725
0.373604
0.373483
0.373363
0.373243
0.373123
0.373003
0.372883
0.372764
0.372645
0.372526
0.372407
0.372289
0.372171
0.372053
0.371936
0.371818
0.371701
0.371584
0.371467
0.371351
0.371235
0.371119
0.371003
0.370887
0.370772
0.370657
0.370542
0.370427
0.370313
0.370199
0.370085
0.369971
0.369858
0.369744
0.369631
0.369518
0.369406
0.369293
0.369181
0.369069
0.368957
0.368846
0.368735
0.368623
0.368513
0.368402
0.368291
0.368181
0.368071
0.367961
0.367852
0.367742
0.367633
0.367524
0.367415
0.367307
0.367198
0.36709
0.366982
0.366874
0.366767
0.366659
0.366552
0.366445
0.366338
0.366232
0.366125
0.366019
0.365913
0.365808
0.365702
0.365597
0.365491
0.365386
0.365282
0.365177
0.365073
0.364969
0.364865
0.364761
0.364657
0.364554
0.36445
0.364347
0.364245
0.364142
0.364039
0.363937
0.363835
0.363733
0.363631
0.36353
0.363429
0.363327
0.363226
0.363126
0.363025
0.362925
0.362824
0.362724
0.362624
0.362525
0.362425
0.362326
0.362227
0.362128
0.362029
0.36193
0.361832
0.361734
0.361636
0.361538
0.36144
0.361343
0.361245
0.361148
0.361051
0.360954
0.360858
0.360761
0.360665
0.360569
0.360473
0.360377
0.360281
0.360186
0.360091
0.359995
0.3599
0.359806
0.359711
0.359617
0.359522
0.359428
0.359334
0.359241
0.359147
0.359054
0.35896
0.358867
0.358774
0.358682
0.358589
0.358497
0.358404
0.358312
0.35822
0.358128
0.358037
0.357945
0.357854
0.357763
0.357672
0.357581
0.357491
0.3574
0.35731
0.35722
0.35713
0.35704
0.35695
0.35686
0.356771
0.356682
0.356593
0.356504
0.356415
0.356326
0.356238
0.35615
0.356062
0.355974
0.355886
0.355798
0.355711
0.355623
0.355536
0.355449
0.355362
0.355275
0.355189
0.355102
0.355016
0.35493
0.354844
0.354758
0.354672
0.354586
0.354501
0.354416
0.354331
0.354246
0.354161
0.354076
0.353992
0.353907
0.353823
0.353739
0.353655
0.353571
0.353487
0.353404
0.35332
0.353237
0.353154
0.353071
0.352988
0.352906
0.352823
0.352741
0.352658
0.352576
0.352494
0.352413
0.352331
0.352249
0.352168
0.352087
0.352006
0.351925
0.351844
0.351763
0.351682
0.351602
0.351522
0.351442
0.351362
0.351282
0.351202
0.351122
0.351043
0.350963
0.350884
0.350805
0.350726
0.350647
0.350569
0.35049
0.350412
0.350333
0.350255
0.350177
0.350099
0.350022
0.349944
0.349867
0.349789
0.349712
0.349635
0.349558
0.349481
0.349404
0.349328
0.349251
0.349175
0.349099
0.349023
0.348947
0.348871
0.348795
0.34872
0.348644
0.348569
0.348494
0.348419
0.348344
0.348269
0.348194
0.34812
0.348045
0.347971
0.347897
0.347823
0.347749
0.347675
0.347601
0.347528
0.347454
0.347381
0.347308
0.347235
0.347162
0.347089
0.347016
0.346944
0.346871
0.346799
0.346727
0.346655
0.346583
0.346511
0.346439
0.346367
0.346296
0.346224
0.346153
0.346082
0.346011
0.34594
0.345869
0.345799
0.345728
0.345657
0.345587
0.345517
0.345447
0.345377
0.345307
0.345237
0.345168
0.345098
0.345029
0.344959
0.34489
0.344821
0.344752
0.344683
0.344615
0.344546
0.344477
0.344409
0.344341
0.344273
0.344204
0.344137
0.344069
0.344001
0.343933
0.343866
0.343798
0.343731
0.343664
0.343597
0.34353
0.343463
0.343396
0.34333
0.343263
0.343197
0.343131
0.343064
0.342998
0.342932
0.342866
0.342801
0.342735
0.342669
0.342604
0.342539
0.342473
0.342408
0.342343
0.342278
0.342214
0.342149
0.342084
0.34202
0.341955
0.341891
0.341827
0.341763
0.341699
0.341635
0.341571
0.341508
0.341444
0.341381
0.341317
0.341254
0.341191
0.341128
0.341065
0.341002
0.340939
0.340877
0.340814
0.340752
0.340689
0.340627
0.340565
0.340503
0.340441
0.340379
0.340317
0.340256
0.340194
0.340133
0.340071
0.34001
0.339949
0.339888
0.339827
0.339766
0.339705
0.339645
0.339584
0.339524
0.339463
0.339403
0.339343
0.339283
0.339223
0.339163
0.339103
0.339043
0.338984
0.338924
0.338865
0.338806
0.338746
0.338687
0.338628
0.338569
0.33851
0.338452
0.338393
0.338335
0.338276
0.338218
0.338159
0.338101
0.338043
0.337985
0.337927
0.337869
0.337812
0.337754
0.337696
0.337639
0.337582
0.337524
0.337467
0.33741
0.337353
0.337296
0.337239
0.337183
0.337126
0.337069
0.337013
0.336957
0.3369
0.336844
0.336788
0.336732
0.336676
0.33662
0.336564
0.336509
0.336453
0.336398
0.336342
0.336287
0.336232
0.336177
0.336121
0.336066
0.336012
0.335957
0.335902
0.335847
0.335793
0.335738
0.335684
0.33563
0.335576
0.335521
0.335467
0.335414
0.33536
0.335306
0.335252
0.335199
0.335145
0.335092
0.335038
0.334985
0.334932
0.334879
0.334826
0.334773
0.33472
0.334667
0.334614
0.334562
0.334509
0.334457
0.334404
0.334352
0.3343
0.334248
0.334196
0.334144
0.334092
0.33404
0.333988
0.333937
0.333885
0.333834
0.333782
0.333731
0.33368
0.333629
0.333578
0.333527
0.333476
0.333425
0.333374
0.333323
0.333273
0.333222
0.333172
0.333121
0.333071
0.333021
0.332971
0.332921
0.332871
0.332821
0.332771
0.332721
0.332672
0.332622
0.332573
0.332523
0.332474
0.332424
0.332375
0.332326
0.332277
0.332228
0.332179
0.33213
0.332082
0.332033
0.331984
0.331936
0.331887
0.331839
0.331791
0.331742
0.331694
0.331646
0.331598
0.33155
0.331502
0.331454
0.331407
0.331359
0.331311
0.331264
0.331217
0.331169
0.331122
0.331075
0.331028
0.330981
0.330934
0.330887
0.33084
0.330793
0.330746
0.3307
0.330653
0.330607
0.33056
0.330514
0.330468
0.330421
0.330375
0.330329
0.330283
0.330237
0.330191
0.330146
0.3301
0.330054
0.330009
0.329963
0.329918
0.329872
0.329827
0.329782
0.329737
0.329691
0.329646
0.329601
0.329557
0.329512
0.329467
0.329422
0.329378
0.329333
0.329289
0.329244
0.3292
0.329156
0.329111
0.329067
0.329023
0.328979
0.328935
0.328891
0.328848
0.328804
0.32876
0.328716
0.328673
0.328629
0.328586
0.328543
0.328499
0.328456
0.328413
0.32837
0.328327
0.328284
0.328241
0.328198
0.328155
0.328113
0.32807
0.328028
0.327985
0.327943
0.3279
0.327858
0.327816
0.327773
0.327731
0.327689
0.327647
0.327605
0.327563
0.327522
0.32748
0.327438
0.327397
0.327355
0.327314
0.327272
0.327231
0.327189
0.327148
0.327107
0.327066
0.327025
0.326984
0.326943
0.326902
0.326861
0.32682
0.32678
0.326739
0.326699
0.326658
0.326618
0.326577
0.326537
0.326497
0.326456
0.326416
0.326376
0.326336
0.326296
0.326256
0.326216
0.326177
